==================================================
       REPORTE DE EVALUACIÓN
==================================================

ARCHIVO: quicksort_1.py
----------------------------------------
Test 1: [OK]
   Entrada:  [48, 22, 40, 41, 14, 18, 27, 14]
   Esperado: [14, 14, 18, 22, 27, 40, 41, 48]
   Obtenido: [14, 14, 18, 22, 27, 40, 41, 48]

Test 2: [OK]
   Entrada:  [23, 22, 45, 10, 7, 47, 32, 1, 42, 38, 15]
   Esperado: [1, 7, 10, 15, 22, 23, 32, 38, 42, 45, 47]
   Obtenido: [1, 7, 10, 15, 22, 23, 32, 38, 42, 45, 47]

Test 3: [FALLO]
   Entrada:  [25, 9, 18, 17, 28, 48, 16, 5, 5, 42]
   Esperado: [5, 5, 9, 16, 17, 18, 25, 28, 42, 48]
   Obtenido: [5, 5, 9, 16, 17, 25, 18, 28, 42, 48]

Test 4: [FALLO]
   Entrada:  [19, 7, 45, 31, 29, 37, 21, 10, 13]
   Esperado: [7, 10, 13, 19, 21, 29, 31, 37, 45]
   Obtenido: [7, 10, 19, 13, 21, 29, 31, 45, 37]

Test 5: [OK]
   Entrada:  [44, 38, 48, 37, 39, 24, 14, 30]
   Esperado: [14, 24, 30, 37, 38, 39, 44, 48]
   Obtenido: [14, 24, 30, 37, 38, 39, 44, 48]

SUBTOTAL: 3/5 pruebas correctas.

========================================

ARCHIVO: quicksort_2.py
----------------------------------------
Test 1: [OK]
   Entrada:  [48, 22, 40, 41, 14, 18, 27, 14]
   Esperado: [14, 14, 18, 22, 27, 40, 41, 48]
   Obtenido: [14, 14, 18, 22, 27, 40, 41, 48]

Test 2: [OK]
   Entrada:  [23, 22, 45, 10, 7, 47, 32, 1, 42, 38, 15]
   Esperado: [1, 7, 10, 15, 22, 23, 32, 38, 42, 45, 47]
   Obtenido: [1, 7, 10, 15, 22, 23, 32, 38, 42, 45, 47]

Test 3: [OK]
   Entrada:  [25, 9, 18, 17, 28, 48, 16, 5, 5, 42]
   Esperado: [5, 5, 9, 16, 17, 18, 25, 28, 42, 48]
   Obtenido: [5, 5, 9, 16, 17, 18, 25, 28, 42, 48]

Test 4: [OK]
   Entrada:  [19, 7, 45, 31, 29, 37, 21, 10, 13]
   Esperado: [7, 10, 13, 19, 21, 29, 31, 37, 45]
   Obtenido: [7, 10, 13, 19, 21, 29, 31, 37, 45]

Test 5: [OK]
   Entrada:  [44, 38, 48, 37, 39, 24, 14, 30]
   Esperado: [14, 24, 30, 37, 38, 39, 44, 48]
   Obtenido: [14, 24, 30, 37, 38, 39, 44, 48]

SUBTOTAL: 5/5 pruebas correctas.

========================================

ARCHIVO: quicksort_3.py
----------------------------------------
Test 1: [OK]
   Entrada:  [48, 22, 40, 41, 14, 18, 27, 14]
   Esperado: [14, 14, 18, 22, 27, 40, 41, 48]
   Obtenido: [14, 14, 18, 22, 27, 40, 41, 48]

Test 2: [OK]
   Entrada:  [23, 22, 45, 10, 7, 47, 32, 1, 42, 38, 15]
   Esperado: [1, 7, 10, 15, 22, 23, 32, 38, 42, 45, 47]
   Obtenido: [1, 7, 10, 15, 22, 23, 32, 38, 42, 45, 47]

Test 3: [OK]
   Entrada:  [25, 9, 18, 17, 28, 48, 16, 5, 5, 42]
   Esperado: [5, 5, 9, 16, 17, 18, 25, 28, 42, 48]
   Obtenido: [5, 5, 9, 16, 17, 18, 25, 28, 42, 48]

Test 4: [OK]
   Entrada:  [19, 7, 45, 31, 29, 37, 21, 10, 13]
   Esperado: [7, 10, 13, 19, 21, 29, 31, 37, 45]
   Obtenido: [7, 10, 13, 19, 21, 29, 31, 37, 45]

Test 5: [OK]
   Entrada:  [44, 38, 48, 37, 39, 24, 14, 30]
   Esperado: [14, 24, 30, 37, 38, 39, 44, 48]
   Obtenido: [14, 24, 30, 37, 38, 39, 44, 48]

SUBTOTAL: 5/5 pruebas correctas.

========================================

ARCHIVO: quicksort_4.py
----------------------------------------
Test 1: [OK]
   Entrada:  [48, 22, 40, 41, 14, 18, 27, 14]
   Esperado: [14, 14, 18, 22, 27, 40, 41, 48]
   Obtenido: [14, 14, 18, 22, 27, 40, 41, 48]

Test 2: [OK]
   Entrada:  [23, 22, 45, 10, 7, 47, 32, 1, 42, 38, 15]
   Esperado: [1, 7, 10, 15, 22, 23, 32, 38, 42, 45, 47]
   Obtenido: [1, 7, 10, 15, 22, 23, 32, 38, 42, 45, 47]

Test 3: [OK]
   Entrada:  [25, 9, 18, 17, 28, 48, 16, 5, 5, 42]
   Esperado: [5, 5, 9, 16, 17, 18, 25, 28, 42, 48]
   Obtenido: [5, 5, 9, 16, 17, 18, 25, 28, 42, 48]

Test 4: [OK]
   Entrada:  [19, 7, 45, 31, 29, 37, 21, 10, 13]
   Esperado: [7, 10, 13, 19, 21, 29, 31, 37, 45]
   Obtenido: [7, 10, 13, 19, 21, 29, 31, 37, 45]

Test 5: [OK]
   Entrada:  [44, 38, 48, 37, 39, 24, 14, 30]
   Esperado: [14, 24, 30, 37, 38, 39, 44, 48]
   Obtenido: [14, 24, 30, 37, 38, 39, 44, 48]

SUBTOTAL: 5/5 pruebas correctas.

========================================

ARCHIVO: quicksort_5.py
----------------------------------------
Test 1: [OK]
   Entrada:  [48, 22, 40, 41, 14, 18, 27, 14]
   Esperado: [14, 14, 18, 22, 27, 40, 41, 48]
   Obtenido: [14, 14, 18, 22, 27, 40, 41, 48]

Test 2: [OK]
   Entrada:  [23, 22, 45, 10, 7, 47, 32, 1, 42, 38, 15]
   Esperado: [1, 7, 10, 15, 22, 23, 32, 38, 42, 45, 47]
   Obtenido: [1, 7, 10, 15, 22, 23, 32, 38, 42, 45, 47]

Test 3: [OK]
   Entrada:  [25, 9, 18, 17, 28, 48, 16, 5, 5, 42]
   Esperado: [5, 5, 9, 16, 17, 18, 25, 28, 42, 48]
   Obtenido: [5, 5, 9, 16, 17, 18, 25, 28, 42, 48]

Test 4: [OK]
   Entrada:  [19, 7, 45, 31, 29, 37, 21, 10, 13]
   Esperado: [7, 10, 13, 19, 21, 29, 31, 37, 45]
   Obtenido: [7, 10, 13, 19, 21, 29, 31, 37, 45]

Test 5: [OK]
   Entrada:  [44, 38, 48, 37, 39, 24, 14, 30]
   Esperado: [14, 24, 30, 37, 38, 39, 44, 48]
   Obtenido: [14, 24, 30, 37, 38, 39, 44, 48]

SUBTOTAL: 5/5 pruebas correctas.

========================================


===============================================
                ANÁLISIS FINAL
===============================================
Total de programas evaluados: 5
Programas con 100% de éxito: 4

Nombre del Programa            | Tests Correctos
--------------------------------------------------
quicksort_1.py                 | 3/5            
quicksort_2.py                 | 5/5            
quicksort_3.py                 | 5/5            
quicksort_4.py                 | 5/5            
quicksort_5.py                 | 5/5            
===============================================
